[placeholder-sm.png]
filters=crop64=1,92d0fffff041;
crop=rect64(92d0fffff041)
moddate=0000435d37d50000
width=2000
height=2000
text=1;156;8;1200x438;Avenir Next Condensed Ultra Light;0.366436,0.705798,0.076801,0.000000;v1,4278190080,4278190080,128.000000,1.000000,0.000000,0.468750,400,0,49152;;
textactive=1
[welcome.jpg]
filters=crop64=1,bb0fffff57a;
crop=rect64(bb0fffff57a)
moddate=00004b4f3ad50000
width=1200
height=438
textactive=0
